614241040
2891782035
897092028
215498996
496366339
1825515289
1165512438
1150651025
3305593109
1175937070
1270075781
4551201433
308051980
3249206346
17346830
2832584640
327716584
31650527
2111404655
1505442003
5967542423
259957393
1425346037
1408485202
1990953412
1507808776
2959532974
2097224118
2979321588
347803943
2012896594
6618008829
331983877
3217874686
675591980
3507403357
2319624893
2945528648
1528314001
6144298337
4264823585
3213743208
6424677577
1783179535
2919036614
3497132433
3440528800
2033635612
3175259829
1337761362
3584257733
1203586311
2954241165
1626889364
2247632392
224724838
3112882354
2244428273
2228469746
2279854178
1543971565
1903378416
1990742398
3149152879
2274015455
3637745477
1603272545
2280153729
1576403178
2882851411
2211180217
2413370262
1521572608
4626342092
2960026217
2137441739
4501101201
2039689112
2208689182
1420512029
6440437090
5785135346
2140006913
1955410859
1462123754
1550493049
2279971659
3479450063
627977212
1993885445
1765259849
3013359422
3013393582
5460560924
1430855214
1582951263
2270555484
3023711636
2152763679
2176579172
2252178169
213598385
2249746512
2079132158
2058514200
1501765346
2978956297
1386679385
2275642255
472999416
1912047254
3108703437
3186902981
5324561637
1993518780
2319088849
3275739835
2139647852
581845303
3073983409
1119966328
6119468562
3051965243
3045736661
1528302130
6510936726
2024283782
1796731351
2199808856
3068423031
3261333684
2322997602
2874312838
5946278847
1344249874
3160139338
1468482229
2266038443
485250030
1962224043
695720973
224474329
974432512
3195347023
3972706574
1602395666
289302639
6322201169
2272513184
5326662414
2719509458
1545262167
2157825835
3175484832
2292311167
2246088952
1447633817
1754456209
6466971366
1792101850
1491891539
2229667027
3929210458
258877354
3026507606
3613914391
1524660911
1144784790
4557025194
5989996519
1513928399
2985646017
2299181147
373359586
2963124440
901028386
1989737444
1423703313
1224100964
1787330044
1778357612
3058921300
5591326950
4657834134
1791548131
4505581938
3849472996
2895815174
1548041837
1360779360
1416951651
1552600265
2956236402
1339393074
3160259663
3669658923
3114164783
3860285906
1836023068
1198656370
1697139409
2107457417
3076333323
1934992475
2366424494
2621352141
1537723650
4800127564
1256326020
3245733631
3224657867
4480712070
2261011957
4528007022
2046554843
318529729
1589374212
2987818763
3420765243
2370757797
395618521
3275277222
2198282366
2038262593
1534762530
4056012658
492299096
2860078798
2710710164
2112621070
3092180506
6610422223
1480881085
3909188800
1562017218
3056678909
4087182299
4099716834
2928718437
5061340198
273659952
1327582497
1143264043
6039304038
3146253638
1448923260
4183251197
1255777343
1531805441
4176423631
1544275912
1628095074
3078161018
2237350433
1346745251
3405906068
1319233233
4297526762
4864484077
4668093497
6494700407
6685848487
2351702722
1962044507
618557217
1737414027
253363658
