271812802
410691874
546545015
1121108239
346809249
53856416
411855002
1574850339
1182474814
1562896941
1684851739
265992908
524256576
567854270
1503389891
1295093252
187829025
290644857
322399152
325942407
636461854
4576961655
4455607932
1267062070
1510678765
225560026
473049969
1625715922
2026939302
4946553601
46698735
486751277
1249195640
2312838852
235400904
1433330877
5769930604
641811390
281537046
322712768
1985085305
1428859762
1307983163
1555614342
10209875
605349775
1215955168
547527827
1457056075
840632838
629744118
1311267484
611214110
608620523
2719980362
1751432936
5427692854
1636974650
5574472338
1185299270
494820139
431119495
2311239767
5335178294
501712179
375689802
1417711632
995248396
344697559
2932280055
336155277
1535945194
4777613364
974253402
765276404
353770979
377186791
4007242433
256304962
1128120539
603726327
255914170
1337409
572008712
335122143
237526983
1241391983
325104260
1337134417
795869421
270526861
327667426
1280128380
1320404613
4456551861
5705965060
1424396889
5418736571
2025011071
3305983963
35508402
1516705236
4864228588
13138644
360192292
43375572
3503704313
40179903
1456699722
549811411
4929508324
3048187410
1223887286
579781412
3515665482
1546917222
261046688
2129499
4111659697
375055688
27267102
863360509
2119490441
1670083623
2126538246
2070083635
997852562
1359851309
331531967
204506281
1527786803
295915109
191898462
493319727
1029357362
204028666
5689977024
1207877146
506793195
423543562
6076724208
250131908
2067210560
15060668
1937401377
4021256222
335797264
4715610885
1234568102
373927091
1478519711
1220994000
1655688039
5657030357
1448733340
176076181
370751613
1547131717
35022007
3501999976
321327027
1668592358
639935753
1280163306
1614698673
2317436675
3513721458
220598610
1725709421
2059132205
1770407149
1666749860
1412138050
1441596528
1595721615
1926363901
6089147341
1157843865
1295347671
3565081109
2955874232
265426754
1955866321
769532190
6564289385
749851110
1429187399
2240357073
2003628012
891213403
3053189475
4190484199
1399594270
3058640489
6024262643
397184426
2192736680
1686550316
1199790754
2282585776
3823719466
4395481089
1641741463
232765331
3524112782
4153145897
517875608
312127363
1328914475
2220918802
1285850034
371473222
2035385208
303815715
312769505
1465688769
2947526723
351063389
1907296369
2067101656
1639269568
1424654367
464468444
2357349458
52371345
1528744411
1340617031
1289593256
1547005852
2000704474
2303467453
1619586489
6556992164
517868338
3540698047
3298016165
1451194226
1348165618
4294413601
728811847
177261128
1527387706
1247972450
6104241776
2215318868
215365757
2229190015
38882091
5959218483
3553179360
1645609958
317369860
5584357049
1485021128
1493291449
1821457282
3694253107
