1603389765
533262471
4232499520
2121088837
2202513204
1537012334
1508346181
1316937501
302819602
504957028
4463070775
6133990803
4090839990
6656581720
1993693258
2154158953
5777721053
3124026389
4301901110
5968013844
4852391057
2214465589
1460935210
3507037969
317213863
4627577077
530595043
5995367556
5019380845
4705112070
1448406456
3034582613
1477372097
4045226393
3012981417
6675034940
460258471
5815966565
3679575048
6263475291
5917452696
5615661881
569745875
5538062531
4788957709
1132013572
3495410780
4116477054
2226995147
5929549661
4081918716
4262904398
6089724569
1125671133
249554477
1613800706
5521166149
5922234713
4070517922
1185178586
1427101434
3636487868
1454733067
234059630
3067848833
253955352
6069195784
1739992918
5711356582
1684362001
4877844193
251681290
1466869941
3514568914
6150091482
5485335908
3400114901
321602246
5713054717
1188615195
1700571325
5544187622
1607899296
1922317843
4923283027
1192644584
2292434931
2102994090
1679209848
3114668609
2948371961
5361983004
4869417121
5757726770
6348780765
1650273507
291276697
5741698241
3231419432
6331563809
1950305129
2305091319
2762058225
3955931971
6220450715
4401800746
635544696
1204621920
4032382146
4541828734
6258235510
1973839404
5420251966
2873780663
1662825016
452483975
3533710794
1714897430
2060374456
2164611664
591394387
4114087309
5576877895
5591424917
49889912
1076725751
1947393731
2119029475
2348241804
2122559882
1831369483
433787581
2208879927
5915638771
4167553953
1437343162
386087284
3449689980
4233686793
4925601066
333937006
2110118520
5664918421
1443047129
306268249
2006412196
1770697025
3585119848
1919603589
7139892
303801982
1972673475
4231254754
1238818848
1595724238
2409607749
5387412503
4757133158
4027379919
1301928415
522301901
6438593527
1501113076
1697834287
2369504482
2371287254
3249283743
3084561340
1713240719
1327484460
2162361035
12032611
2623305763
2266217818
2047658312
3676834221
3653909676
1504326342
6382861267
406718627
3136497945
4939190245
1682038627
1927389329
4515813867
1720236595
1627112165
6306940733
2347445646
21990526
5570078559
3173533721
6648585822
1217362494
2138704172
1703833775
1499029242
3050375266
3944221017
2239656091
5758950770
6080954638
5995889167
5378007041
6339718078
6210444724
4335781987
390497656
3636284349
5531582847
2876525831
6255526861
4813350984
2149165611
484807212
1226907115
1179392456
1711713650
1511760056
5366024277
3658422246
6132042332
2281895548
1663624427
2349733024
2275125479
4463606241
4917487936
1665311956
2097696007
1813350280
6153199174
4547106578
3232876611
1176708244
4368134962
3056400697
4294083901
6114584870
6333623602
4059862037
1808038152
1473011974
6350405179
44577581
611836060
6244019176
1987236558
2903293577
2015713713
2268006428
1432244392
3506409706
7429400
6410759003
1225931634
3564546451
5513291945
1992235415
15051577
365891578
3136130244
2300886200
1717623491
1641240098
2355662756
1832510662
5762232379
3640326061
4986965144
1445592404
4072574576
3320998747
4769509473
303635353
6156376033
40248926
4660305712
1190881012
3271106697
1209905027
1972108877
3549320695
4542548042
5934178795
5785415282
1828275060
4036596090
5643465536
529026444
5596991173
2254339952
1998753637
5311595023
4887945761
6355410407
1906954372
6167577775
5868431645
320184546
4321657520
2634136
2150033691
6144379821
930742209
6319562677
1413371393
1814124344
27593516
5588094828
2969414491
4634171845
6171026532
1949553854
4236559613
6222452601
3887386000
3460534006
4129301081
4037747854
3981219844
1398764618
5900890425
1904819271
403489965
6308232256
4850189537
2966130726
1517496616
2985838428
2133115218
2720385599
392893865
6314781111
3195314691
2215461235
342782977
9280319
2029227906
1206738733
5351818845
1536078713
4469784372
420981175
862487649
1347881212
284628800
2364902885
1606475738
453812954
2313513870
2434515642
6354623293
1564062033
2535388202
6110246631
1837095947
5825721436
241277460
1102776421
1632840861
302927688
2051677551
2284651556
5419704349
4287654570
2313100924
1927510710
4106154692
297486588
1603196674
4891763333
2200932937
838073176
5563580132
285331308
4245794090
3706668904
2517785138
1688555731
4526427408
3494965148
2036697341
3036181703
890187717
4484673316
6210950230
6039219232
3506710791
5591865044
6466325315
5004505014
705900936
5681356254
2342613371
4958456950
5334388688
3233952803
243784199
640402268
5564484781
1816979849
1653919127
3026847476
2128979315
1829651609
1522240123
1115678018
2096768789
1462283864
361429663
3237534612
6250391011
6022101387
3918959834
6445574141
2031857744
1226577461
233699854
521627056
3596718625
1535999311
2029412402
6251889917
4749994537
381467507
359104564
6214245548
6081178706
3987001730
1355070706
6189662322
6439729867
1341899038
4628882258
3915903720
3987638662
4543438360
1943646011
4641714277
1781134545
3665603499
4517037567
2261471632
4495619411
1434976492
6125516845
5880007
574550065
3448359584
2990838927
4182016998
631246892
4981487462
3417280240
6075957747
592963236
4168660068
4083805136
325267513
4982624678
943233388
1948883853
1774402090
6083243938
334098380
5234833145
3171190169
519852493
4639889166
479705110
4478410439
5978344528
4863051144
1788104781
328794037
4415221396
3172333691
5986475681
548400417
1638066411
2071423647
5512437993
1131627161
6317054512
3667685882
1919627623
2152652570
1412373818
6174885748
5058453583
3567748859
6114713577
6042124037
3703262875
4928416427
4110109227
1685709850
1787963580
1403568630
2084910195
349776386
4614197075
319868763
612726610
2304752397
54926241
4240479482
6216039848
1247619933
3527014056
1948856204
6341612009
6344976737
3055402160
3292758403
2327953561
1569309353
1723731314
3440760056
2023441360
3282050738
4956354055
5557805127
593792845
6369051800
5361098821
239905521
5541430269
4161135882
6487318110
2161286126
2953394440
23863887
3002722825
789374217
3645250706
4866947675
276479516
5988141945
1187667154
857592349
1447803359
1595542350
1744171963
507028537
5402124418
5881781182
3839737943
1764875621
4716911380
365526301
5695855148
431348456
6521959011
6272218170
4982729252
4540747290
4055852354
1962857115
3410674458
2165753920
4758092204
4015164707
5619859956
2544032982
3219631466
1812799305
4633224627
3682767418
6339404089
5475606020
4824783110
6355966599
200228706
2902352612
6051127470
3186979781
5830238298
4945860025
5565611199
3313757557
4088821418
6232945610
2206777018
1421877481
287642558
492438647
4263538307
4454085463
5030774959
2154041435
562006740
1229816220
1243339197
1917785500
1938417860
1939296867
3179693163
3957770162
1550061087
3858958729
4187905910
3174910868
1711477892
4588171439
2286352520
491743472
1171320213
4872295947
1623887418
1074786473
368097447
1544292496
3617537285
1777634792
3256655302
1935432441
1941054680
5749773385
1506788509
703519664
1670226653
1312890256
5340016907
595377864
5719585711
6439875460
2132516922
6020615276
575228743
5974115705
3880995764
1453307625
2108834163
6136820014
5741090391
831438911
2289645439
3001747987
6207287698
4688796909
4265878014
5937149277
1589723165
48523923
3059161943
1618157141
3439913375
1437692031
1771848154
4241203284
3188186608
4651513868
4709778518
2107332402
5998269038
5949957890
5910281060
174462424
2232018911
5835733450
6347284773
2995173182
4005265606
451177367
4920784463
3200675275
5032606839
5740513178
5605172037
1071046485
627785905
2247086275
5636969936
3047995829
1530487519
4364133956
5566817775
5381487839
1574162674
30749163
4533575823
629295689
6047441721
282366521
834070381
4338170508
5577504787
5014820906
6663149913
4259382265
198675511
3023936763
4615931469
2283582711
4030835305
5552621925
1525405457
6063654697
4489881092
1470995315
2059828810
5912670268
2929081567
1511699027
6289417983
1564230798
1445310929
146216950
4924047828
4902792573
5651420651
387192195
1800863166
5943878057
13269212
1320921070
1794865146
3206913367
1294949278
2233996329
2250061632
2251656714
305280368
5654228765
4057598816
515009563
4748438506
1559018501
3102397354
2925339581
630981323
1705145231
4575535252
2059579275
1754255324
1237764779
20003145
2297992382
6014939344
2185768916
1501778021
5045809277
4949018657
484925916
5043898850
3931542538
1385015057
826965708
1099255148
6642952625
273017786
4083219308
3237646998
6326679450
3925760929
6284627221
581899246
4364782365
1509656325
3512100988
3562142579
2321093487
1799080600
2581226547
5857902278
3943076608
1820773146
31017865
2065048158
4089577415
177112861
2053314573
3155747421
1179708778
241178240
6330878656
4069148990
4936646307
3437761367
5997083775
5467487553
3261442650
1916702344
1654522856
2092091000
349364756
1834669824
5902922365
4532293773
5428966850
205070792
3641799379
1421904417
2042639873
4335219160
2037600477
182901142
2030199025
234239040
4779672288
4157294106
1575423337
4818892441
1229141260
6633019889
1244373678
6417831936
182524037
6142281037
1699432089
4101323055
2952424806
2959417401
4520018622
4170324885
601506330
419939898
4699372329
6294083903
4960189462
5738301186
1337927206
4276749993
4958494295
2718763568
1221337408
4482914497
417459965
12193277
3125820095
280559360
3258557035
1786144388
3554981979
1456834598
718791
41714835
1161011456
5744766954
4060044879
4918541608
6168815018
1556259405
2207681677
3205467155
2258874253
2073746343
2048509981
4549740930
2172144061
1235904
3318351341
1697469719
1352867943
4205791401
361487078
1966526133
5722832896
4689752443
1254082936
1600777752
1937173261
1558416970
1392931503
1632258846
1731827351
5857597328
352445510
1590537932
417120031
4344136641
237442099
1964141596
2001406270
1945463940
389145849
1710212898
5604853061
1825404665
2294745945
4979164645
4581554173
3050787309
4471642741
2283355447
3932802299
6236181091
6014656882
2228532835
3146199259
259185637
5427435977
2295006562
5758014367
4220674634
1292996091
1085880258
5033964284
1818925602
5839947595
552570099
1097015625
2378724621
4991151027
5482203337
4117513807
244357174
4411959270
3576345805
4092121614
431839475
6673231436
3713454664
4641947733
3559307605
5535081128
314252012
6643772503
634295937
42161943
5386614005
1928679275
5508702576
2121513097
4862647165
5511700751
421487855
6341955740
1301430135
5814609188
235614137
1328910159
1576349551
4871303786
4981658582
1930481208
5942465505
2251431928
240723318
1985445385
2144216554
6100484166
792694032
370693737
1827537671
2269188043
2092195766
2583816103
555557675
6489844305
998687150
2954783815
4982982307
1327113334
3625775061
5732785780
2121077317
1418104593
6294026206
2242812540
6252551187
4431848286
3245042982
4085044040
3734209475
2107064392
4200765990
4360985544
1238278235
5442163081
176681512
4945385383
4402059796
1184894789
1613763892
5959123390
4958622144
6339338112
5597133282
1796821621
3537879727
4375177437
2059569189
104942643
590833388
3683173577
5358207267
6490218435
743638886
5793872367
549653239
3080877435
5547222646
6260160869
4054554918
4686980694
6059446578
4646693886
4176137265
2539228756
4623956666
1951369507
6235811337
1723961090
1543027194
2085429945
6208986311
4869012736
4835008624
1972883665
5500072098
5324229153
1552473701
4970300078
1244366469
3510791635
1791101654
1097017695
2197483544
2244040538
1563840911
174141290
55966023
4842860359
3667065571
1536330220
5942934085
5737695840
6288922879
3305070139
1241403002
3418730329
5616989346
298204638
5462789745
2982628954
1632191727
1930106145
6095468589
261537558
2476709050
1600123895
4267952748
6343374159
505303936
31703937
6400986735
1490088006
6414579370
853144888
2205489541
4512541171
5799403510
5440929437
3666332036
262916614
3236947854
545066118
655212975
3971039808
4063884603
1939804772
1912110319
5701125584
2255859797
6233338099
1606201625
1981850179
6277581059
4575137085
39951904
2134458355
641956754
190418080
4128085502
5484009512
1483955348
6098764700
2869596455
2910889675
3643324846
600336085
2266394693
4903993556
6510391305
2679545811
6315349802
3261908741
1152769935
4760292718
1655016372
1584623755
1742741324
3022346531
1238596207
4208402568
232847302
1357073513
4534812359
5830435580
3547483478
3966070542
4110096339
210054499
1477629627
2889967569
1270499880
2332750750
3016637223
4526717156
2011716069
4271507429
5727662356
2609073754
1520581568
6063562916
4205528057
4583466286
5430649081
630835369
802055297
6052613349
366024167
3063971494
4251834529
1596133805
2977865923
346931524
2030248069
218105862
218600601
818131748
1146527852
5367419115
6243987132
1199360871
2984916630
6190322211
1698876961
1477882005
4850990539
287731053
3970094888
2210696715
2220724547
4991736067
3486969886
1812564982
3936879955
650011158
591801195
2165938601
2345767112
1001510558
4032686868
2538440974
5623509885
4872054889
3453709273
1813122998
4249231888
6072541115
6479308711
3971820518
3176477600
2221853379
4362074026
3145206054
4001084185
2282467624
4793808812
3056713245
336594263
2205271920
910858772
4269345659
5663046550
6230924366
1922589678
25714416
5629490937
3036588045
4980352315
1610372209
3639027237
3696860970
3249616018
3679744449
2023307533
5514957592
1141409334
1982585318
328367676
2629186138
6415173740
297124503
3613383992
1203126804
4639749972
3255803177
3191498165
3644988717
50808573
656023073
380330149
3065291359
1265659740
770435440
2330315639
412263684
5787370180
897555645
542575760
6486687731
471175480
5638188142
5965509184
232388324
2259520407
307305784
1346840929
2981732256
3237230352
5931135674
3243047083
4155125952
3520856200
6068926785
1746508466
4277798869
3313012653
3467288080
1433190782
4461971217
4871060685
5847599466
3767436420
4750982985
5406458614
2061407761
2992248998
231709757
182283406
620662908
2297415313
5522037600
2051727115
389025221
693211244
183040226
191176988
2696006243
3175684708
2265345537
2152611892
4234796861
714395343
1831950630
4225130231
2091330138
804437171
2004239619
984959722
5934583541
4845665136
2928911929
1584815013
475380821
36355120
599481260
2358225049
6269478161
1278457798
2845897244
1715468258
2529344268
6351650643
503083818
5936607387
1479487654
6085082046
4430117485
234587139
266573138
992381420
3490270475
1516648263
346494256
2179069056
2108892477
1282325539
31176786
717771367
6256972870
3277192334
5694700485
1729018707
5562084321
1971439052
4499977165
314038484
1641976809
4986663656
2143139540
6247731104
4963607834
1115630821
3511687036
2345413260
1408263398
365640037
3649527773
1217417553
1813490921
3609620937
200643791
4105356634
1709568316
6078334549
2244059238
4488614749
4293789264
1948916861
6026733236
2118972905
5754864095
1329322678
868466641
4277681445
4057572945
5533422532
2286705574
2032983481
2919028032
5042291720
2962072179
2232633278
356542709
2214580649
19271997
6245891480
4860636971
555361740
4513012253
2121172167
365078086
1329564351
1017334455
609471001
6480075398
1713932568
6326535213
2061332421
5947686283
368917118
4055923443
1447025943
1125886015
3676627744
5334851096
4570991074
202877068
1435868822
685173362
3125521823
5732599181
2104631541
240436994
2243070528
2945082952
4003246516
5140794592
5648184827
352273719
1389849671
177011681
2137404981
1144206501
496207513
4104876976
1257724587
6182570778
6352387881
4920070238
1741623395
1342999656
369127753
4789385603
366680295
55882948
3860402140
4112276882
4905339425
2071678162
425009117
4295578466
4717931161
390268497
248002146
2228530962
1584557630
1179383606
1580912622
1281734089
6460027552
6418102415
301400670
3109285098
2895646855
5687145514
328951961
5716773246
6657358828
6082393310
2068620342
3417779106
4992676606
4842865038
1643456912
204699917
1029588431
4362555855
1606306919
3612157874
6421025703
707153862
5596536585
4684867526
1600560388
3268440180
6553804359
3224771599
5595051871
6427288441
1997667815
4263618231
3620393068
4011476541
1519488459
4168897759
5681443814
316242835
5740850462
2182828362
3073898839
5500034927
3248179443
2196483649
4123618167
2358410449
1130971487
3997305162
1962621426
2321921333
4788933558
4487543351
6327053442
5459582656
2123839054
4795289379
6263888273
321516321
4038525394
2075309867
2987774498
4534413563
2058124622
4829801343
6027263825
3877804402
4440158044
5350403988
222382807
2544687554
3920223763
5343637100
5046770250
1301095943
3078356742
1688464255
1193126989
198551523
830850412
2167052858
1485154207
4944782429
313671072
1812788752
6511557201
1986825233
458604927
1485057914
2952531938
1450002000
3821310336
6248588470
1948564096
4371294461
1099761888
2219903022
1727731223
2064663318
184789708
6626992099
1646935226
2276650051
2998294170
6443898136
295313972
5419143955
3072294721
3194554351
4199732264
5829553557
280996144
2092820438
6425558922
34410920
291411480
6324712540
228367858
2239758765
2023429484
1240413491
1985364056
4776544869
1419945598
2374418435
5464024194
4311347624
2531483583
5783559992
1648312526
3645527077
5658538884
4310471381
5629824675
1147521841
2918996694
1920439413
1648755829
1421149774
3163405444
2203841709
1501108944
4319008150
1664811670
3139944416
1466647711
2999209775
1506630284
269056612
2318577837
2721098595
352579984
3495683143
233214594
6055257786
3124061731
583727500
3429487462
442915852
504454010
6325333193
4103373461
4346141214
1397448108
4782079090
1811241876
3904372054
487572752
6520994310
5900723740
3036782710
1105889324
4151762377
306512380
3274335606
5484998003
35224401
423573584
1995769159
4984282226
3579443834
5911336294
1423729527
1388979639
3996839576
6672402337
5012886789
629577071
6319640319
4618429598
2108122988
5704950694
6104191755
2056023595
4715882460
2131488571
4168379968
2940598783
4352929397
2349183181
4030537060
3927124237
5662739718
3061239387
1970366141
4513685804
2242714330
5570871152
4360425583
2107574866
1666935702
5618622994
5727951013
1286139117
4261262463
967937436
6209211379
2116672253
2292215269
1679787650
3545540296
3438931787
5632046240
4929286834
3583199552
3151518250
3429649044
6078925733
2043650696
1199194528
785609870
2114452917
2149547791
2113494077
6099314791
1123041020
3562113277
1665053099
1735459286
4550893508
629899692
676311355
2950798983
6196190248
543085095
2196335906
10339055
1232998835
1095761594
6283847516
4206136931
2182485798
2123015756
2229761827
240926068
1782689368
6433053312
3124595161
1957871715
4984200400
1651509561
2276650784
271973497
2309158527
5049253385
4197474123
1443803287
1536674844
2247569855
4868709543
2660673987
3511606078
487926546
1090806906
3195056270
3814946987
4375275731
6458051473
1708116465
3852039186
4829703405
3523467226
4793926456
5328891627
5655320603
4340966641
1823628299
2925128664
4190641681
3092385874
5001697440
395890268
5578874399
2913525021
5684514184
2310999562
4998673010
4934825821
473021015
3571657348
4391842493
5498282899
2267620378
2241692673
6352314497
1240111952
4969595710
5761157365
419915020
5408787747
6103251443
6097029846
2917038747
1152328130
5865690621
5329722505
188293915
5430359680
4361689215
2113209681
5720123523
4536196846
2263672974
4519887469
1140814556
5578721155
3582429361
3555256407
1416626236
5990264056
5389773468
6642904932
4681156978
2932219848
4702472582
4376541626
1532379422
469441557
2118088459
4077650078
3652756216
5518372820
3256286271
1569813119
5655844182
4779360509
6431014505
1949522848
277344152
3636417217
1128475820
5466272732
5319923371
6065770643
1686792731
3583015708
4726137664
6233530396
230479976
4551838320
2012683915
3944058938
212836076
2936994891
1937451293
4482124912
1241104271
6062227920
5545041691
1076897924
219497570
4080675056
656004490
4075368802
1116236620
2008891537
3552237148
3242161732
4581974464
2019249377
1350446645
1540122964
1669515752
1602347532
3014376723
5737885057
3435700175
6158206488
3285821500
2331154143
1764188478
2091163809
9230789
5971472932
3457480925
1734284320
4343593514
579657398
23910959
4830839697
2099045251
1224486474
4938771625
1635953639
1380434111
1265808344
5922126989
965500211
4148482148
1386916763
313070754
1968060618
1265867970
1592696451
5963622248
2030508876
1916708517
1818640938
4253103741
1093262785
206705745
3959083353
6011557147
2261787942
2220471540
5842856540
4761862727
5965017795
1688657965
5750794721
3128265954
407942930
968995573
1384371840
5043062177
1432556453
2298958465
231938114
1459774908
3414057561
1495448861
1092254248
5848293940
4931182169
2131932291
6063219365
4982987792
388790946
2232216521
179211373
2049738535
5872631716
1800007222
1972058244
279823627
4459900985
5525748733
1623455128
4187640666
1434646447
845154774
509812247
4481859799
5504230809
5753827997
702599754
3920636754
328311528
4984291305
6010689625
785004854
334788457
616701637
1128071612
1456021911
1396441639
624301953
3053600263
5356203170
243046917
3595455624
4304272318
1467156399
4999977783
4680408134
3793556458
3062280637
5566332358
270584622
5992540039
1226580616
2712649969
5076621306
3050695389
471634890
516705206
4905093054
861145689
1942883707
5894934386
3538052491
5040398901
4683305097
365197384
1655651748
5907088529
5568672936
1089682128
1563792871
6121404959
1995336936
5334797875
251323304
4993599175
539928862
4392943549
1837526343
3089816807
1952441314
641140202
6036975754
5323306392
35539743
2009560443
2110922742
4315430375
2220946878
3960188164
